Logistic Regression:
Accuracy:63.15779031516179
Recall:65.70344736748332
Precision:66.19718309859155

Naive Bayes:
Accuracy:55.01191430425371
Recall:55.45022270374383
Precision:56.338028169014095